JULIA SMOKE TEST RESULTS
Seed=42, Agents=100, Rounds=200, Runs=5

[none]
survival_rate: 0.784 ± 0.3403380672214027
mean_capital: 8.674060709490875e6 ± 5.693173989533494e6
median_capital: 8.021986253536096e6
std_capital: 4.1250392441022126e6
total_innovations: 730.8 ± 78.60788764494312
invest_share: 0.2307193633221559
innovate_share: 0.2585092216886722
explore_share: 0.36553908318440026
maintain_share: 0.14523233180477177
cumulative_roic_invest: 0.013590732683630712
cumulative_roic_innovate: -0.4498426361113033

[basic]
survival_rate: 0.7 ± 0.439260742611948
mean_capital: 9.67213428375612e6 ± 7.482945038193301e6
median_capital: 9.043526181278495e6
std_capital: 4.707054296619078e6
total_innovations: 844.0 ± 302.68300249601066
invest_share: 0.21400139730792328
innovate_share: 0.3045989080911694
explore_share: 0.35977684252130027
maintain_share: 0.11796981390629165
cumulative_roic_invest: 0.056403366895922735
cumulative_roic_innovate: -0.3966305660774563

[advanced]
survival_rate: 0.708 ± 0.4038192665042123
mean_capital: 9.56696603702781e6 ± 5.602466173324445e6
median_capital: 8.781433434592206e6
std_capital: 4.303012926875467e6
total_innovations: 1112.8 ± 330.0003030301639
invest_share: 0.18570439129577426
innovate_share: 0.3706611952155559
explore_share: 0.3591682495694536
maintain_share: 0.08233709189393439
cumulative_roic_invest: 0.14254479591818672
cumulative_roic_innovate: -0.38224235517957766

[premium]
survival_rate: 0.772 ± 0.41384779810940153
mean_capital: 1.3985848523555309e7 ± 1.108734070908404e7
median_capital: 1.2068355646341218e7
std_capital: 8.224232801497492e6
total_innovations: 1103.8 ± 287.8188666505377
invest_share: 0.2557202998462069
innovate_share: 0.35201210391212984
explore_share: 0.31570171908615036
maintain_share: 0.07400808371344225
cumulative_roic_invest: 0.16274064682995967
cumulative_roic_innovate: -0.3741709299526558

