JULIA SMOKE TEST RESULTS
Seed=42, Agents=100, Rounds=200, Runs=5

[none]
survival_rate: 0.986 ± 0.005477225575051666
mean_capital: 5.362572694130097e6 ± 251593.47178972964
median_capital: 5.126922691792476e6
std_capital: 2.5742300412706267e6
total_innovations: 1033.6 ± 95.46098679565385
invest_share: 0.11609695320552463
innovate_share: 0.2960036136878995
explore_share: 0.3035934549577408
maintain_share: 0.2843059781488354
mean_roic_invest: 1.268481947120768
mean_roic_innovate: -0.34837135460365853

[basic]
survival_rate: 0.9799999999999999 ± 0.018708286933869726
mean_capital: 5.699705449124637e6 ± 701202.0369473734
median_capital: 5.597015959227072e6
std_capital: 2.716579313436942e6
total_innovations: 1169.6 ± 57.604687309280656
invest_share: 0.13757269866772076
innovate_share: 0.3161498968222092
explore_share: 0.2879031128532326
maintain_share: 0.2582933721950199
mean_roic_invest: 0.6939872959883859
mean_roic_innovate: -0.265796048814961

[advanced]
survival_rate: 0.998 ± 0.004472135954999583
mean_capital: 6.092140888933055e6 ± 1.170057120156469e6
median_capital: 5.964565594794661e6
std_capital: 2.9448254349627e6
total_innovations: 1584.2 ± 136.02279220777672
invest_share: 0.120140101010101
innovate_share: 0.40615757575757583
explore_share: 0.2795459595959596
maintain_share: 0.19414636363636367
mean_roic_invest: 0.08397804292286619
mean_roic_innovate: -0.3086961503530685

[premium]
survival_rate: 0.998 ± 0.004472135954999584
mean_capital: 7.009833972661406e6 ± 1.594077494245728e6
median_capital: 6.296035502592784e6
std_capital: 4.410844762502255e6
total_innovations: 1561.2 ± 114.48886408729891
invest_share: 0.11009030303030302
innovate_share: 0.3910238383838383
explore_share: 0.2544722222222222
maintain_share: 0.2444136363636364
mean_roic_invest: 0.6113839085146415
mean_roic_innovate: -0.2786486522567289

