JULIA SMOKE TEST RESULTS
Seed=42, Agents=100, Rounds=200, Runs=5

[none]
survival_rate: 0.9940000000000001 ± 0.008944271909999166
mean_capital: 5.384132166918155e6 ± 349563.2144947284
median_capital: 5.215618648567263e6
std_capital: 2.7021865514300736e6
total_innovations: 1071.2 ± 63.42870012856956
invest_share: 0.11259905586477012
innovate_share: 0.29607
explore_share: 0.3081112451041023
maintain_share: 0.28321969903112765
mean_roic_invest: 1.1944784863479878
mean_roic_innovate: -0.3180232314309836

[basic]
survival_rate: 0.986 ± 0.016733200530681527
mean_capital: 5.681971010280577e6 ± 738789.7574145169
median_capital: 5.622767749703258e6
std_capital: 2.6335332452557064e6
total_innovations: 1197.6 ± 52.9745221781188
invest_share: 0.13618465343525726
innovate_share: 0.32000971588385435
explore_share: 0.29159093163913485
maintain_share: 0.25215408467166933
mean_roic_invest: 0.5900458817397226
mean_roic_innovate: -0.2773415561404991

[advanced]
survival_rate: 0.998 ± 0.004472135954999583
mean_capital: 6.255777230020158e6 ± 1.1483785975783777e6
median_capital: 5.885311791698861e6
std_capital: 3.1169569088884206e6
total_innovations: 1603.2 ± 164.68819022625757
invest_share: 0.11840020202020199
innovate_share: 0.4041332323232324
explore_share: 0.27964252525252525
maintain_share: 0.19781404040404044
mean_roic_invest: 0.5511580506631388
mean_roic_innovate: -0.2876667293775873

[premium]
survival_rate: 0.998 ± 0.004472135954999584
mean_capital: 6.76692026602149e6 ± 1.2516696511899335e6
median_capital: 5.937982164798299e6
std_capital: 4.0694147494124607e6
total_innovations: 1549.0 ± 96.01822743625296
invest_share: 0.10225050505050504
innovate_share: 0.39151404040404036
explore_share: 0.25544242424242425
maintain_share: 0.25079303030303035
mean_roic_invest: 0.36390192097721663
mean_roic_innovate: -0.279714184698877

