PYTHON SMOKE TEST RESULTS
Seed=42, Agents=100, Rounds=200, Runs=5

[none]
survival_rate: 0.398 ± 0.08034923770640266
mean_capital: 4414302.917959682 ± 564402.568709736
median_capital: 3712431.0186346234
std_capital: 2535475.594574557
total_innovations: 461.0 ± 31.489680849446536
invest_share: 0.2425851328341647
innovate_share: 0.28050802836048505
explore_share: 0.37013020363045346
maintain_share: 0.1045012761295161

[basic]
survival_rate: 0.364 ± 0.07605261336732617
mean_capital: 4059205.335361232 ± 442031.70113834646
median_capital: 3821230.2990632667
std_capital: 1986748.8103216335
total_innovations: 505.0 ± 30.899838187278586
invest_share: 0.2295427176243135
innovate_share: 0.28624362113946356
explore_share: 0.3782758046729645
maintain_share: 0.10301564499123606

[advanced]
survival_rate: 0.328 ± 0.06013318551349162
mean_capital: 3846501.840380891 ± 423140.34433705907
median_capital: 3414780.859365206
std_capital: 1721996.395469681
total_innovations: 511.8 ± 20.43917806566595
invest_share: 0.2279795093448392
innovate_share: 0.2824945378679064
explore_share: 0.3830606909243553
maintain_share: 0.10345956926274287

[premium]
survival_rate: 0.33199999999999996 ± 0.11373653766490346
mean_capital: 4114602.120873779 ± 130460.06342702376
median_capital: 3802765.2278004484
std_capital: 1808318.9951811149
total_innovations: 515.0 ± 47.54787061478148
invest_share: 0.22270420392790738
innovate_share: 0.2831725072826317
explore_share: 0.3853148602949065
maintain_share: 0.1058686267801638

