PYTHON SMOKE TEST RESULTS
Seed=42, Agents=100, Rounds=200, Runs=5

[none]
survival_rate: 0.34800000000000003 ± 0.10998181667894018
mean_capital: 4112447.1716915993 ± 275378.8349986528
median_capital: 3776838.235113914
std_capital: 1866984.4458896152
total_innovations: 598.6 ± 47.6680186288459
invest_share: 0.24042699645844157
innovate_share: 0.2864014817434706
explore_share: 0.37260259359841014
maintain_share: 0.09749870668167997

[basic]
survival_rate: 0.302 ± 0.07025667228100119
mean_capital: 3840303.3933069594 ± 250344.00545512734
median_capital: 3715590.6562561924
std_capital: 1533934.8173698285
total_innovations: 558.0 ± 62.235038362645845
invest_share: 0.241873258313899
innovate_share: 0.28437434922619487
explore_share: 0.3724198068329872
maintain_share: 0.09788157383436132

[advanced]
survival_rate: 0.532 ± 0.15587174214718974
mean_capital: 4171199.538559591 ± 321724.27228960965
median_capital: 3698891.2657488016
std_capital: 2052062.6672561597
total_innovations: 738.0 ± 85.97441479882256
invest_share: 0.2654186786308817
innovate_share: 0.28904506746116315
explore_share: 0.3656500436028896
maintain_share: 0.07813203863210529

[premium]
survival_rate: 0.532 ± 0.11685888926393234
mean_capital: 4583084.561971524 ± 330448.40544339904
median_capital: 4130111.3703184417
std_capital: 2369572.2189252144
total_innovations: 781.2 ± 79.97099474184374
invest_share: 0.28471097674804086
innovate_share: 0.28801377156226715
explore_share: 0.3544492659168168
maintain_share: 0.07106093387061094

