PYTHON SMOKE TEST RESULTS
Seed=42, Agents=100, Rounds=200, Runs=5

[none]
survival_rate: 0.356 ± 0.060860496218811753
mean_capital: 4037227.8592705717 ± 231891.00120202982
median_capital: 3536726.132834683
std_capital: 2151304.477893941
total_innovations: 507.4 ± 49.6088701745968
invest_share: 0.2195108598289532
innovate_share: 0.2911342120178032
explore_share: 0.37612534910620016
maintain_share: 0.11063372782521093

[basic]
survival_rate: 0.41600000000000004 ± 0.08380930735902786
mean_capital: 4410375.764625083 ± 405378.22808887064
median_capital: 3724593.8755330266
std_capital: 2457829.2386553003
total_innovations: 560.0 ± 71.17302859932265
invest_share: 0.23821088219371073
innovate_share: 0.28693953497471647
explore_share: 0.37199458131586904
maintain_share: 0.10041716519969549

[advanced]
survival_rate: 0.314 ± 0.1323026832683298
mean_capital: 4143505.48359991 ± 509638.21418150666
median_capital: 3830197.1683899537
std_capital: 2005788.3692078888
total_innovations: 480.8 ± 53.96072645915731
invest_share: 0.23862594033405543
innovate_share: 0.2762329792443514
explore_share: 0.37173081359121884
maintain_share: 0.10995569936109498

[premium]
survival_rate: 0.364 ± 0.08662563131083086
mean_capital: 4542850.115963518 ± 214754.61553813983
median_capital: 4162301.481443338
std_capital: 2333613.9499315144
total_innovations: 548.6 ± 61.43158796580144
invest_share: 0.22635361456540695
innovate_share: 0.2836998880208449
explore_share: 0.38637203521781555
maintain_share: 0.100745875067344

